offshore_seismic_edit/resources/bathy_clip_bergen0111a.asc
ncols        383
nrows        423
xllcorner    4.224920695000
yllcorner    52.462253328000
cellsize     0.000295146324
NODATA_value  -9999
[rows 204 to 220 of 423, columns 240 to 279 of 383]
-21.068780899047851562 -21.089939117431640625 -21.086240768432617188 -21.086240768432617188 -21.0982208251953125 -21.089239120483398438 -21.097179412841796875 -21.088079452514648438 -21.088079452514648438 -21.06977081298828125 -21.059539794921875 -21.028490066528320312 -21.024599075317382812 -21.024599075317382812 -21.037279129028320312 -21.034250259399414062 -20.971620559692382812 -20.90081024169921875 -20.90081024169921875 -20.837200164794921875 -20.793590545654296875 -20.755720138549804688 -20.694089889526367188 -20.67848968505859375 -20.67848968505859375 -20.58551025390625 -20.574489593505859375 -20.509229660034179688 -20.42642974853515625 -20.42642974853515625 -20.394670486450195312 -20.329439163208007812 -20.283910751342773438 -20.262029647827148438 -20.262029647827148438 -20.217620849609375 -20.14189910888671875 -20.083629608154296875 -20.038480758666992188 -20.038480758666992188
-21.052000045776367188 -21.06658935546875 -21.059759140014648438 -21.084600448608398438 -21.084600448608398438 -21.052179336547851562 -21.073099136352539062 -21.057270050048828125 -21.083539962768554688 -21.083539962768554688 -21.067180633544921875 -21.019500732421875 -21.00215911865234375 -20.972469329833984375 -20.972469329833984375 -20.980310440063476562 -21.00283050537109375 -20.91938018798828125 -20.88159942626953125 -20.88159942626953125 -20.819910049438476562 -20.777690887451171875 -20.763769149780273438 -20.694929122924804688 -20.694929122924804688 -20.645290374755859375 -20.591970443725585938 -20.5280303955078125 -20.478059768676757812 -20.478059768676757812 -20.414180755615234375 -20.358270645141601562 -20.31887054443359375 -20.277360916137695312 -20.277360916137695312 -20.228490829467773438 -20.187650680541992188 -20.167339324951171875 -20.10906982421875 -20.10906982421875
-21.023309707641601562 -21.029819488525390625 -21.062059402465820312 -21.031490325927734375 -21.031490325927734375 -21.030679702758789062 -21.019819259643554688 -21.023309707641601562 -21.031969070434570312 -21.031969070434570312 -21.048580169677734375 -21.055559158325195312 -21.0091400146484375 -20.969999313354492188 -20.969999313354492188 -20.982210159301757812 -20.990530014038085938 -20.960569381713867188 -20.881879806518554688 -20.881879806518554688 -20.83390045166015625 -20.798440933227539062 -20.745389938354492188 -20.682069778442382812 -20.682069778442382812 -20.645799636840820312 -20.58300018310546875 -20.507329940795898438 -20.503879547119140625 -20.503879547119140625 -20.416139602661132812 -20.352230072021484375 -20.274679183959960938 -20.21775054931640625 -20.21775054931640625 -20.17794036865234375 -20.126119613647460938 -20.01818084716796875 -19.892129898071289062 -19.892129898071289062
-20.943330764770507812 -20.955579757690429688 -20.943050384521484375 -20.925350189208984375 -20.925350189208984375 -20.950939178466796875 -20.946340560913085938 -20.927919387817382812 -20.945720672607421875 -20.945720672607421875 -20.948919296264648438 -20.94680023193359375 -20.898090362548828125 -20.9147796630859375 -20.9147796630859375 -20.900819778442382812 -20.830310821533203125 -20.75408935546875 -20.710079193115234375 -20.710079193115234375 -20.639080047607421875 -20.57415008544921875 -20.693220138549804688 -20.607229232788085938 -20.607229232788085938 -20.5515594482421875 -20.512929916381835938 -20.45330047607421875 -20.323879241943359375 -20.323879241943359375 -20.248350143432617188 -20.172649383544921875 -20.05915069580078125 -19.886690139770507812 -19.886690139770507812 -19.782739639282226562 -19.707920074462890625 -19.60626983642578125 -19.491769790649414062 -19.491769790649414062
-20.936990737915039062 -20.918819427490234375 -20.915830612182617188 -20.891309738159179688 -20.891309738159179688 -20.886220932006835938 -20.879880905151367188 -20.843639373779296875 -20.836639404296875 -20.836639404296875 -20.805589675903320312 -20.783559799194335938 -20.740110397338867188 -20.7113494873046875 -20.7113494873046875 -20.665309906005859375 -20.630970001220703125 -20.549219131469726562 -20.460699081420898438 -20.460699081420898438 -20.370370864868164062 -20.25482940673828125 -20.138580322265625 -20.025430679321289062 -20.025430679321289062 -19.88227081298828125 -19.75630950927734375 -19.631090164184570312 -19.544500350952148438 -19.544500350952148438 -19.459180831909179688 -19.431640625 -19.352899551391601562 -19.283460617065429688 -19.283460617065429688 -19.208330154418945312 -19.132879257202148438 -19.080989837646484375 -19.040929794311523438 -19.040929794311523438
-20.947330474853515625 -20.938470840454101562 -20.906009674072265625 -20.861169815063476562 -20.861169815063476562 -20.836040496826171875 -20.78256988525390625 -20.762950897216796875 -20.738100051879882812 -20.738100051879882812 -20.70355987548828125 -20.6277008056640625 -20.548059463500976562 -20.459199905395507812 -20.459199905395507812 -20.401929855346679688 -20.316049575805664062 -20.237499237060546875 -20.139619827270507812 -20.139619827270507812 -20.059200286865234375 -19.969959259033203125 -19.858530044555664062 -19.77201080322265625 -19.77201080322265625 -19.68563079833984375 -19.572040557861328125 -19.474649429321289062 -19.378330230712890625 -19.378330230712890625 -19.29180908203125 -19.263019561767578125 -19.224840164184570312 -19.189769744873046875 -19.189769744873046875 -19.1630096435546875 -19.074689865112304688 -19.040750503540039062 -19.024259567260742188 -19.024259567260742188
-20.889329910278320312 -20.82666015625 -20.794399261474609375 -20.74250030517578125 -20.74250030517578125 -20.6712493896484375 -20.6199493408203125 -20.5531005859375 -20.504079818725585938 -20.504079818725585938 -20.431200027465820312 -20.358150482177734375 -20.29521942138671875 -20.217439651489257812 -20.217439651489257812 -20.166790008544921875 -20.06974029541015625 -19.96305084228515625 -19.959840774536132812 -19.959840774536132812 -19.867490768432617188 -19.82270050048828125 -19.740720748901367188 -19.638660430908203125 -19.638660430908203125 -19.539979934692382812 -19.4944000244140625 -19.415239334106445312 -19.317129135131835938 -19.317129135131835938 -19.226270675659179688 -19.199129104614257812 -19.128709793090820312 -19.132959365844726562 -19.132959365844726562 -19.135179519653320312 -19.115869522094726562 -19.065790176391601562 -19.029230117797851562 -19.029230117797851562
-20.8033294677734375 -20.7903900146484375 -20.757839202880859375 -20.704439163208007812 -20.704439163208007812 -20.644769668579101562 -20.585870742797851562 -20.51374053955078125 -20.454660415649414062 -20.454660415649414062 -20.397579193115234375 -20.30261993408203125 -20.234889984130859375 -20.141330718994140625 -20.141330718994140625 -20.110019683837890625 -20.05027008056640625 -20.004970550537109375 -19.927919387817382812 -19.927919387817382812 -19.8482208251953125 -19.822969436645507812 -19.770250320434570312 -19.721530914306640625 -19.721530914306640625 -19.672769546508789062 -19.601079940795898438 -19.520029067993164062 -19.439699172973632812 -19.439699172973632812 -19.366849899291992188 -19.316999435424804688 -19.266920089721679688 -19.231700897216796875 -19.231700897216796875 -19.189159393310546875 -19.155399322509765625 -19.126720428466796875 -19.119060516357421875 -19.09062957763671875
-20.74748992919921875 -20.74839019775390625 -20.713399887084960938 -20.638940811157226562 -20.638940811157226562 -20.578159332275390625 -20.523809432983398438 -20.449459075927734375 -20.358669281005859375 -20.358669281005859375 -20.30973052978515625 -20.2655792236328125 -20.186359405517578125 -20.15110015869140625 -20.15110015869140625 -20.110050201416015625 -20.065769195556640625 -20.010059356689453125 -19.949800491333007812 -19.949800491333007812 -19.92324066162109375 -19.840579986572265625 -19.806690216064453125 -19.754819869995117188 -19.754819869995117188 -19.718059539794921875 -19.705640792846679688 -19.64739990234375 -19.5580596923828125 -19.5580596923828125 -19.471620559692382812 -19.41790008544921875 -19.345529556274414062 -19.293779373168945312 -19.28076934814453125 -19.28076934814453125 -19.24047088623046875 -19.205509185791015625 -19.192720413208007812 -19.166910171508789062
-20.64604949951171875 -20.61837005615234375 -20.580129623413085938 -20.53173065185546875 -20.53173065185546875 -20.514789581298828125 -20.456310272216796875 -20.385219573974609375 -20.333509445190429688 -20.262569427490234375 -20.262569427490234375 -20.237819671630859375 -20.22628021240234375 -20.162420272827148438 -20.08740997314453125 -20.08740997314453125 -20.056760787963867188 -19.989349365234375 -19.956579208374023438 -19.92028045654296875 -19.92028045654296875 -19.8782501220703125 -19.835729598999023438 -19.79383087158203125 -19.790479660034179688 -19.790479660034179688 -19.737810134887695312 -19.6937408447265625 -19.6376495361328125 -19.567060470581054688 -19.567060470581054688 -19.49945068359375 -19.463529586791992188 -19.394559860229492188 -19.380340576171875 -19.380340576171875 -19.3372802734375 -19.298160552978515625 -19.262929916381835938 -19.240619659423828125
-20.572870254516601562 -20.552270889282226562 -20.501829147338867188 -20.474399566650390625 -20.44828033447265625 -20.44828033447265625 -20.431240081787109375 -20.402469635009765625 -20.375299453735351562 -20.344879150390625 -20.344879150390625 -20.294260025024414062 -20.310079574584960938 -20.264659881591796875 -20.192499160766601562 -20.192499160766601562 -20.158229827880859375 -20.11985015869140625 -20.06620025634765625 -20.019159317016601562 -20.019159317016601562 -20.006059646606445312 -19.958810806274414062 -19.86901092529296875 -19.813259124755859375 -19.813259124755859375 -19.8022308349609375 -19.784719467163085938 -19.766849517822265625 -19.7543792724609375 -19.7543792724609375 -19.669189453125 -19.597330093383789062 -19.543939590454101562 -19.494970321655273438 -19.43965911865234375 -19.375440597534179688 -19.348560333251953125 -19.309230804443359375 -19.253110885620117188
-20.558259963989257812 -20.535009384155273438 -20.482969284057617188 -20.4513092041015625 -20.447139739990234375 -20.447139739990234375 -20.407709121704101562 -20.381519317626953125 -20.396360397338867188 -20.406110763549804688 -20.406110763549804688 -20.362520217895507812 -20.358240127563476562 -20.334680557250976562 -20.256120681762695312 -20.256120681762695312 -20.222120285034179688 -20.170209884643554688 -20.143070220947265625 -20.120029449462890625 -20.120029449462890625 -20.063930511474609375 -20.001050949096679688 -19.947750091552734375 -19.889230728149414062 -19.889230728149414062 -19.836839675903320312 -19.823879241943359375 -19.811960220336914062 -19.784820556640625 -19.784820556640625 -19.729290008544921875 -19.6859893798828125 -19.62281036376953125 -19.534040451049804688 -19.534040451049804688 -19.497900009155273438 -19.47595977783203125 -19.456850051879882812 -19.455720901489257812
-20.550619125366210938 -20.535869598388671875 -20.506029129028320312 -20.4849090576171875 -20.486139297485351562 -20.486139297485351562 -20.441549301147460938 -20.415210723876953125 -20.40489959716796875 -20.399660110473632812 -20.399660110473632812 -20.372669219970703125 -20.368930816650390625 -20.340829849243164062 -20.290019989013671875 -20.290019989013671875 -20.26190948486328125 -20.264539718627929688 -20.1936492919921875 -20.156549453735351562 -20.156549453735351562 -20.122999191284179688 -20.076419830322265625 -20.0386505126953125 -19.96305084228515625 -19.96305084228515625 -19.934099197387695312 -19.865909576416015625 -19.850139617919921875 -19.8115692138671875 -19.8115692138671875 -19.76116943359375 -19.755609512329101562 -19.69853973388671875 -19.64488983154296875 -19.64488983154296875 -19.619329452514648438 -19.581859588623046875 -19.561040878295898438 -19.550729751586914062
-20.543979644775390625 -20.516870498657226562 -20.507930755615234375 -20.499149322509765625 -20.513029098510742188 -20.513029098510742188 -20.489990234375 -20.494630813598632812 -20.4154205322265625 -20.401630401611328125 -20.401630401611328125 -20.385789871215820312 -20.350200653076171875 -20.360170364379882812 -20.318910598754882812 -20.318910598754882812 -20.32080078125 -20.296529769897460938 -20.254980087280273438 -20.181339263916015625 -20.181339263916015625 -20.13134002685546875 -20.130300521850585938 -20.092540740966796875 -20.076320648193359375 -20.076320648193359375 -20.0616302490234375 -19.985380172729492188 -19.931669235229492188 -19.8989105224609375 -19.8989105224609375 -19.802610397338867188 -19.785219192504882812 -19.74163055419921875 -19.709880828857421875 -19.709880828857421875 -19.6984100341796875 -19.67465972900390625 -19.641649246215820312 -19.625490188598632812
-20.526090621948242188 -20.524839401245117188 -20.502359390258789062 -20.504240036010742188 -20.498929977416992188 -20.498929977416992188 -20.49575042724609375 -20.480039596557617188 -20.446180343627929688 -20.431140899658203125 -20.431140899658203125 -20.382549285888671875 -20.383920669555664062 -20.378360748291015625 -20.365680694580078125 -20.365680694580078125 -20.331529617309570312 -20.2879791259765625 -20.242010116577148438 -20.226690292358398438 -20.226690292358398438 -20.183439254760742188 -20.144159317016601562 -20.112049102783203125 -20.094249725341796875 -20.094249725341796875 -20.048059463500976562 -20.021699905395507812 -19.99047088623046875 -19.91934967041015625 -19.91934967041015625 -19.895650863647460938 -19.846239089965820312 -19.838100433349609375 -19.824100494384765625 -19.824100494384765625 -19.84365081787109375 -19.8516693115234375 -19.7732696533203125 -19.756610870361328125
-20.551069259643554688 -20.569700241088867188 -20.529890060424804688 -20.51313018798828125 -20.512659072875976562 -20.476560592651367188 -20.458749771118164062 -20.434049606323242188 -20.42797088623046875 -20.420289993286132812 -20.420289993286132812 -20.42340087890625 -20.406400680541992188 -20.38954925537109375 -20.343240737915039062 -20.343240737915039062 -20.33367919921875 -20.314100265502929688 -20.291860580444335938 -20.244729995727539062 -20.244729995727539062 -20.212450027465820312 -20.1713104248046875 -20.14752960205078125 -20.079999923706054688 -20.079999923706054688 -20.05760955810546875 -20.021230697631835938 -19.9631805419921875 -19.923120498657226562 -19.923120498657226562 -19.911409378051757812 -19.867870330810546875 -19.880970001220703125 -19.892589569091796875 -19.892589569091796875 -19.850860595703125 -19.832769393920898438 -19.756969451904296875 -19.786230087280273438
-20.575260162353515625 -20.60009002685546875 -20.564189910888671875 -20.55973052978515625 -20.525600433349609375 -20.525600433349609375 -20.501199722290039062 -20.453369140625 -20.421449661254882812 -20.432340621948242188 -20.432340621948242188 -20.399179458618164062 -20.380229949951171875 -20.39611053466796875 -20.38014984130859375 -20.38014984130859375 -20.342859268188476562 -20.311429977416992188 -20.275510787963867188 -20.248640060424804688 -20.248640060424804688 -20.21112060546875 -20.1842803955078125 -20.158060073852539062 -20.126939773559570312 -20.126939773559570312 -20.056880950927734375 -20.03199005126953125 -19.979389190673828125 -19.952030181884765625 -19.952030181884765625 -19.93975067138671875 -19.905839920043945312 -19.888660430908203125 -19.877580642700195312 -19.877580642700195312 -19.837610244750976562 -19.839239120483398438 -19.7980194091796875 -19.776010513305664062
