offshore_seismic_edit/resources/bathy_clip_bergen0111a.asc
ncols        383
nrows        423
xllcorner    4.224920695000
yllcorner    52.462253328000
cellsize     0.000295146324
NODATA_value  -9999
[rows 374 to 390 of 423, columns 40 to 79 of 383]
-22.9760894775390625 -22.878139495849609375 -22.878139495849609375 -22.81240081787109375 -22.712139129638671875 -22.572660446166992188 -22.442470550537109375 -22.442470550537109375 -22.337469100952148438 -22.204410552978515625 -22.07061004638671875 -21.964710235595703125 -21.964710235595703125 -21.853490829467773438 -21.738620758056640625 -21.653110504150390625 -21.571889877319335938 -21.571889877319335938 -21.539869308471679688 -21.42440032958984375 -21.35951995849609375 -21.268390655517578125 -21.268390655517578125 -21.180639266967773438 -21.1518096923828125 -21.081989288330078125 -20.986690521240234375 -20.986690521240234375 -20.95800018310546875 -20.878360748291015625 -20.758939743041992188 -20.622709274291992188 -20.622709274291992188 -20.469530105590820312 -20.28887939453125 -20.088640213012695312 -19.976169586181640625 -19.976169586181640625 -19.870380401611328125 -19.860040664672851562
-22.937990188598632812 -22.829710006713867188 -22.829710006713867188 -22.701629638671875 -22.615970611572265625 -22.510129928588867188 -22.392110824584960938 -22.392110824584960938 -22.3037109375 -22.209859848022460938 -22.067949295043945312 -21.967670440673828125 -21.967670440673828125 -21.854669570922851562 -21.740320205688476562 -21.65110015869140625 -21.601839065551757812 -21.601839065551757812 -21.5362396240234375 -21.414800643920898438 -21.339380264282226562 -21.282819747924804688 -21.282819747924804688 -21.182659149169921875 -21.1441497802734375 -21.0674591064453125 -21.014940261840820312 -21.014940261840820312 -20.942129135131835938 -20.899959564208984375 -20.807559967041015625 -20.659870147705078125 -20.659870147705078125 -20.505359649658203125 -20.383550643920898438 -20.264169692993164062 -20.152650833129882812 -20.152650833129882812 -19.983900070190429688 -19.93206024169921875
-22.86360931396484375 -22.762760162353515625 -22.762760162353515625 -22.69770050048828125 -22.5817108154296875 -22.468500137329101562 -22.380449295043945312 -22.380449295043945312 -22.262140274047851562 -22.160430908203125 -22.055639266967773438 -21.950870513916015625 -21.950870513916015625 -21.784009933471679688 -21.66934967041015625 -21.582479476928710938 -21.545240402221679688 -21.545240402221679688 -21.458719253540039062 -21.374340057373046875 -21.331079483032226562 -21.283130645751953125 -21.283130645751953125 -21.179170608520507812 -21.138330459594726562 -21.089689254760742188 -21.029100418090820312 -21.029100418090820312 -20.957620620727539062 -20.92028045654296875 -20.80915069580078125 -20.715700149536132812 -20.715700149536132812 -20.559209823608398438 -20.451229095458984375 -20.323089599609375 -20.24951934814453125 -20.24951934814453125 -20.122760772705078125 -20.043819427490234375
-22.86840057373046875 -22.75605010986328125 -22.75605010986328125 -22.653289794921875 -22.552820205688476562 -22.457700729370117188 -22.3611907958984375 -22.3611907958984375 -22.264280319213867188 -22.150970458984375 -22.038909912109375 -21.91287994384765625 -21.91287994384765625 -21.769269943237304688 -21.659160614013671875 -21.557979583740234375 -21.463649749755859375 -21.463649749755859375 -21.3628692626953125 -21.28115081787109375 -21.237970352172851562 -21.16558074951171875 -21.16558074951171875 -21.097150802612304688 -21.029790878295898438 -20.97174072265625 -21.01963043212890625 -21.01963043212890625 -20.911970138549804688 -20.862600326538085938 -20.778879165649414062 -20.696310043334960938 -20.696310043334960938 -20.623479843139648438 -20.473600387573242188 -20.437469482421875 -20.353540420532226562 -20.353540420532226562 -20.256439208984375 -20.140169143676757812
-22.867879867553710938 -22.740369796752929688 -22.740369796752929688 -22.611270904541015625 -22.501970291137695312 -22.402559280395507812 -22.329259872436523438 -22.329259872436523438 -22.244110107421875 -22.137800216674804688 -21.98065948486328125 -21.873989105224609375 -21.873989105224609375 -21.76197052001953125 -21.66033935546875 -21.556880950927734375 -21.455110549926757812 -21.455110549926757812 -21.346149444580078125 -21.313930511474609375 -21.240209579467773438 -21.156839370727539062 -21.156839370727539062 -21.069440841674804688 -21.012729644775390625 -20.924650192260742188 -20.87107086181640625 -20.87107086181640625 -20.807790756225585938 -20.760820388793945312 -20.692239761352539062 -20.651620864868164062 -20.651620864868164062 -20.637800216674804688 -20.5551605224609375 -20.47425079345703125 -20.418260574340820312 -20.418260574340820312 -20.369289398193359375 -20.317659378051757812
-22.863759994506835938 -22.744289398193359375 -22.744289398193359375 -22.584280014038085938 -22.47328948974609375 -22.36840057373046875 -22.271169662475585938 -22.271169662475585938 -22.168939590454101562 -22.062259674072265625 -21.942899703979492188 -21.81378936767578125 -21.81378936767578125 -21.70233917236328125 -21.615930557250976562 -21.514110565185546875 -21.393930435180664062 -21.393930435180664062 -21.316179275512695312 -21.23007965087890625 -21.207929611206054688 -21.146200180053710938 -21.146200180053710938 -21.0669708251953125 -20.96051025390625 -20.886629104614257812 -20.858489990234375 -20.858489990234375 -20.80352020263671875 -20.742420196533203125 -20.716030120849609375 -20.65904998779296875 -20.60092926025390625 -20.60092926025390625 -20.556529998779296875 -20.481409072875976562 -20.441680908203125 -20.386270523071289062 -20.386270523071289062 -20.348590850830078125
-22.845689773559570312 -22.731479644775390625 -22.731479644775390625 -22.600360870361328125 -22.471860885620117188 -22.351739883422851562 -22.234239578247070312 -22.234239578247070312 -22.0716705322265625 -21.950510025024414062 -21.796049118041992188 -21.689390182495117188 -21.689390182495117188 -21.568569183349609375 -21.456670761108398438 -21.338739395141601562 -21.25402069091796875 -21.25402069091796875 -21.166780471801757812 -21.143259048461914062 -21.123500823974609375 -21.06436920166015625 -20.986410140991210938 -20.986410140991210938 -20.939760208129882812 -20.864030838012695312 -20.84597015380859375 -20.76544952392578125 -20.76544952392578125 -20.715429306030273438 -20.66748046875 -20.660009384155273438 -20.644939422607421875 -20.644939422607421875 -20.615020751953125 -20.561069488525390625 -20.531549453735351562 -20.473100662231445312 -20.473100662231445312 -20.422510147094726562
-22.754320144653320312 -22.647090911865234375 -22.647090911865234375 -22.541269302368164062 -22.42942047119140625 -22.3134307861328125 -22.170309066772460938 -22.025579452514648438 -22.025579452514648438 -21.90760040283203125 -21.713300704956054688 -21.592279434204101562 -21.517179489135742188 -21.517179489135742188 -21.422910690307617188 -21.289899826049804688 -21.2364501953125 -21.132659912109375 -21.132659912109375 -21.046260833740234375 -21.043130874633789062 -20.983699798583984375 -20.944799423217773438 -20.944799423217773438 -20.837299346923828125 -20.76464080810546875 -20.685400009155273438 -20.665609359741210938 -20.665609359741210938 -20.661859512329101562 -20.65995025634765625 -20.658819198608398438 -20.630039215087890625 -20.630039215087890625 -20.654630661010742188 -20.640819549560546875 -20.583499908447265625 -20.55944061279296875 -20.55944061279296875 -20.52371978759765625
-22.660249710083007812 -22.567729949951171875 -22.459369659423828125 -22.459369659423828125 -22.348329544067382812 -22.180459976196289062 -22.063589096069335938 -21.9224395751953125 -21.9224395751953125 -21.76692962646484375 -21.597639083862304688 -21.485750198364257812 -21.359249114990234375 -21.359249114990234375 -21.274709701538085938 -21.22476959228515625 -21.150249481201171875 -21.087190628051757812 -21.087190628051757812 -20.977100372314453125 -20.973199844360351562 -20.932079315185546875 -20.859659194946289062 -20.859659194946289062 -20.78997039794921875 -20.73712921142578125 -20.661960601806640625 -20.646060943603515625 -20.646060943603515625 -20.65200042724609375 -20.656269073486328125 -20.654270172119140625 -20.61894989013671875 -20.61894989013671875 -20.632129669189453125 -20.627729415893554688 -20.59506988525390625 -20.579669952392578125 -20.579669952392578125 -20.55265045166015625
-22.449380874633789062 -22.362749099731445312 -22.279729843139648438 -22.279729843139648438 -22.149089813232421875 -22.017730712890625 -21.872600555419921875 -21.7366790771484375 -21.7366790771484375 -21.571300506591796875 -21.462360382080078125 -21.308950424194335938 -21.154939651489257812 -21.154939651489257812 -21.066160202026367188 -20.95111083984375 -20.8694305419921875 -20.879999160766601562 -20.879999160766601562 -20.84593963623046875 -20.82144927978515625 -20.762910842895507812 -20.738140106201171875 -20.738140106201171875 -20.697259902954101562 -20.660999298095703125 -20.596200942993164062 -20.594900131225585938 -20.594900131225585938 -20.630739212036132812 -20.63874053955078125 -20.6282806396484375 -20.63925933837890625 -20.63925933837890625 -20.607309341430664062 -20.569810867309570312 -20.57418060302734375 -20.576860427856445312 -20.576860427856445312 -20.562770843505859375
-22.357059478759765625 -22.259099960327148438 -22.16175079345703125 -22.16175079345703125 -22.056470870971679688 -21.92591094970703125 -21.762969970703125 -21.598089218139648438 -21.598089218139648438 -21.50048065185546875 -21.383050918579101562 -21.266510009765625 -21.152759552001953125 -21.152759552001953125 -21.03955078125 -20.932699203491210938 -20.852809906005859375 -20.770559310913085938 -20.770559310913085938 -20.68386077880859375 -20.641939163208007812 -20.601490020751953125 -20.606859207153320312 -20.606859207153320312 -20.553409576416015625 -20.562070846557617188 -20.528509140014648438 -20.50550079345703125 -20.50550079345703125 -20.487039566040039062 -20.49237060546875 -20.49781036376953125 -20.525899887084960938 -20.525899887084960938 -20.552549362182617188 -20.5615997314453125 -20.562870025634765625 -20.56887054443359375 -20.56887054443359375 -20.6016998291015625
-22.276720046997070312 -22.176130294799804688 -22.067819595336914062 -22.067819595336914062 -21.971269607543945312 -21.8699493408203125 -21.710180282592773438 -21.556699752807617188 -21.556699752807617188 -21.433420181274414062 -21.313009262084960938 -21.206790924072265625 -21.093610763549804688 -21.093610763549804688 -21.038290023803710938 -20.921459197998046875 -20.843000411987304688 -20.785940170288085938 -20.785940170288085938 -20.683139801025390625 -20.6241607666015625 -20.584619522094726562 -20.564220428466796875 -20.564220428466796875 -20.556360244750976562 -20.539419174194335938 -20.524660110473632812 -20.54383087158203125 -20.54383087158203125 -20.49575042724609375 -20.482599258422851562 -20.477390289306640625 -20.483089447021484375 -20.483089447021484375 -20.479930877685546875 -20.508129119873046875 -20.557559967041015625 -20.566370010375976562 -20.566370010375976562 -20.580890655517578125
-22.212369918823242188 -22.102449417114257812 -21.975389480590820312 -21.975389480590820312 -21.883899688720703125 -21.810270309448242188 -21.685670852661132812 -21.597520828247070312 -21.597520828247070312 -21.477960586547851562 -21.371639251708984375 -21.296100616455078125 -21.250329971313476562 -21.141689300537109375 -21.02516937255859375 -20.962240219116210938 -20.867219924926757812 -20.815029144287109375 -20.815029144287109375 -20.697650909423828125 -20.628480911254882812 -20.638050079345703125 -20.554899215698242188 -20.554899215698242188 -20.536340713500976562 -20.492090225219726562 -20.472059249877929688 -20.47743988037109375 -20.47743988037109375 -20.466930389404296875 -20.457019805908203125 -20.458620071411132812 -20.46067047119140625 -20.46067047119140625 -20.463319778442382812 -20.480520248413085938 -20.5575103759765625 -20.5799407958984375 -20.5799407958984375 -20.621419906616210938
-22.170139312744140625 -22.065340042114257812 -21.93531036376953125 -21.93531036376953125 -21.898630142211914062 -21.78433990478515625 -21.734989166259765625 -21.644229888916015625 -21.644229888916015625 -21.567430496215820312 -21.481290817260742188 -21.429609298706054688 -21.386440277099609375 -21.386440277099609375 -21.3027191162109375 -21.174350738525390625 -21.113870620727539062 -21.009000778198242188 -21.009000778198242188 -20.878160476684570312 -20.788330078125 -20.688779830932617188 -20.56819915771484375 -20.56819915771484375 -20.530359268188476562 -20.467050552368164062 -20.423200607299804688 -20.413259506225585938 -20.413259506225585938 -20.367540359497070312 -20.363870620727539062 -20.365079879760742188 -20.378519058227539062 -20.378519058227539062 -20.38957977294921875 -20.483560562133789062 -20.534929275512695312 -20.5486602783203125 -20.5486602783203125 -20.614429473876953125
-22.168760299682617188 -22.080320358276367188 -21.968050003051757812 -21.968050003051757812 -21.878030776977539062 -21.79560089111328125 -21.762800216674804688 -21.683160781860351562 -21.683160781860351562 -21.623819351196289062 -21.534290313720703125 -21.458749771118164062 -21.41345977783203125 -21.41345977783203125 -21.305700302124023438 -21.236370086669921875 -21.143289566040039062 -21.027650833129882812 -21.027650833129882812 -20.94506072998046875 -20.84561920166015625 -20.709299087524414062 -20.5839691162109375 -20.5839691162109375 -20.546949386596679688 -20.470460891723632812 -20.4424591064453125 -20.4260406494140625 -20.4260406494140625 -20.385339736938476562 -20.393510818481445312 -20.3705291748046875 -20.3935394287109375 -20.434370040893554688 -20.434370040893554688 -20.452390670776367188 -20.459470748901367188 -20.462900161743164062 -20.462459564208984375 -20.462459564208984375
-22.265539169311523438 -22.181970596313476562 -22.139669418334960938 -22.139669418334960938 -22.066740036010742188 -22.004159927368164062 -21.949640274047851562 -21.867710113525390625 -21.775270462036132812 -21.6989898681640625 -21.6093902587890625 -21.53546905517578125 -21.464139938354492188 -21.464139938354492188 -21.371210098266601562 -21.232000350952148438 -21.154520034790039062 -21.04785919189453125 -20.927869796752929688 -20.927869796752929688 -20.817880630493164062 -20.706350326538085938 -20.616380691528320312 -20.518829345703125 -20.518829345703125 -20.454050064086914062 -20.37812042236328125 -20.374780654907226562 -20.376369476318359375 -20.376369476318359375 -20.37931060791015625 -20.372999191284179688 -20.419130325317382812 -20.409210205078125 -20.409210205078125 -20.451089859008789062 -20.458440780639648438 -20.461389541625976562 -20.46356964111328125 -20.46356964111328125
-22.3499603271484375 -22.26789093017578125 -22.189510345458984375 -22.189510345458984375 -22.147359848022460938 -22.074520111083984375 -22.016780853271484375 -21.956989288330078125 -21.85868072509765625 -21.85868072509765625 -21.768289566040039062 -21.736780166625976562 -21.658809661865234375 -21.54644012451171875 -21.54644012451171875 -21.391839981079101562 -21.276140213012695312 -21.158300399780273438 -21.031450271606445312 -21.031450271606445312 -20.871290206909179688 -20.760950088500976562 -20.645839691162109375 -20.540050506591796875 -20.540050506591796875 -20.419130325317382812 -20.299449920654296875 -20.285919189453125 -20.276599884033203125 -20.276599884033203125 -20.287939071655273438 -20.363759994506835938 -20.382389068603515625 -20.421779632568359375 -20.421779632568359375 -20.445299148559570312 -20.45500946044921875 -20.459379196166992188 -20.477260589599609375 -20.477260589599609375
