offshore_seismic_edit/resources/bathy_clip_bergen0111a.asc
ncols        383
nrows        423
xllcorner    4.224920695000
yllcorner    52.462253328000
cellsize     0.000295146324
NODATA_value  -9999
[rows 391 to 407 of 423, columns 80 to 119 of 383]
-20.40345001220703125 -20.370840072631835938 -20.356409072875976562 -20.341390609741210938 -20.341390609741210938 -20.288850784301757812 -20.337980270385742188 -20.341169357299804688 -20.339000701904296875 -20.339000701904296875 -20.36016082763671875 -20.427490234375 -20.447149276733398438 -20.497470855712890625 -20.497470855712890625 -20.558929443359375 -20.569509506225585938 -20.510210037231445312 -20.548360824584960938 -20.548360824584960938 -20.530370712280273438 -20.508550643920898438 -20.526439666748046875 -20.54846954345703125 -20.54846954345703125 -20.524860382080078125 -20.576679229736328125 -20.584590911865234375 -20.62184906005859375 -20.62184906005859375 -20.6530609130859375 -20.682939529418945312 -20.671619415283203125 -20.675340652465820312 -20.675340652465820312 -20.676469802856445312 -20.68235015869140625 -20.685699462890625 -20.759710311889648438 -20.759710311889648438
-20.38314056396484375 -20.35092926025390625 -20.30117034912109375 -20.276330947875976562 -20.276330947875976562 -20.268890380859375 -20.272039413452148438 -20.273229598999023438 -20.281839370727539062 -20.281839370727539062 -20.291900634765625 -20.33322906494140625 -20.3635101318359375 -20.388339996337890625 -20.388339996337890625 -20.466510772705078125 -20.477300643920898438 -20.480960845947265625 -20.54409027099609375 -20.54409027099609375 -20.53256988525390625 -20.567899703979492188 -20.60684967041015625 -20.642740249633789062 -20.642740249633789062 -20.671220779418945312 -20.707849502563476562 -20.7125701904296875 -20.73506927490234375 -20.73506927490234375 -20.706470489501953125 -20.724679946899414062 -20.711240768432617188 -20.705570220947265625 -20.705570220947265625 -20.7531890869140625 -20.704549789428710938 -20.740179061889648438 -20.749189376831054688 -20.749189376831054688
-20.3814697265625 -20.322500228881835938 -20.30377960205078125 -20.294000625610351562 -20.294000625610351562 -20.279699325561523438 -20.2715301513671875 -20.240369796752929688 -20.261440277099609375 -20.261440277099609375 -20.214979171752929688 -20.256200790405273438 -20.2472991943359375 -20.30287933349609375 -20.30287933349609375 -20.363239288330078125 -20.418859481811523438 -20.424890518188476562 -20.485979080200195312 -20.485979080200195312 -20.507139205932617188 -20.573320388793945312 -20.640169143676757812 -20.684900283813476562 -20.684900283813476562 -20.754529953002929688 -20.776910781860351562 -20.77552032470703125 -20.789449691772460938 -20.789449691772460938 -20.769060134887695312 -20.770750045776367188 -20.781850814819335938 -20.802690505981445312 -20.802690505981445312 -20.852659225463867188 -20.883119583129882812 -20.886289596557617188 -20.8977508544921875 -20.882600784301757812
-20.334400177001953125 -20.297119140625 -20.290960311889648438 -20.32862091064453125 -20.32862091064453125 -20.345500946044921875 -20.282129287719726562 -20.274250030517578125 -20.275579452514648438 -20.2470703125 -20.2355804443359375 -20.2225494384765625 -20.197130203247070312 -20.198909759521484375 -20.198909759521484375 -20.256250381469726562 -20.284349441528320312 -20.357269287109375 -20.382829666137695312 -20.382829666137695312 -20.469419479370117188 -20.516889572143554688 -20.6556396484375 -20.7632293701171875 -20.8275604248046875 -20.8275604248046875 -20.849679946899414062 -20.829769134521484375 -20.843809127807617188 -20.8239898681640625 -20.8239898681640625 -20.82653045654296875 -20.850809097290039062 -20.882440567016601562 -20.951150894165039062 -20.951150894165039062 -20.966030120849609375 -20.935840606689453125 -20.94477081298828125 -20.939510345458984375
-20.408079147338867188 -20.371639251708984375 -20.350149154663085938 -20.314550399780273438 -20.314550399780273438 -20.305269241333007812 -20.283369064331054688 -20.257799148559570312 -20.220689773559570312 -20.220689773559570312 -20.1819000244140625 -20.175760269165039062 -20.128850936889648438 -20.15084075927734375 -20.123279571533203125 -20.123279571533203125 -20.097509384155273438 -20.188230514526367188 -20.261499404907226562 -20.328340530395507812 -20.328340530395507812 -20.454389572143554688 -20.586389541625976562 -20.743709564208984375 -20.860830307006835938 -20.860830307006835938 -20.938320159912109375 -20.897640228271484375 -20.931169509887695312 -20.930530548095703125 -20.930530548095703125 -20.925020217895507812 -20.889860153198242188 -20.9129791259765625 -20.967620849609375 -20.967620849609375 -20.995410919189453125 -20.973630905151367188 -20.962070465087890625 -20.944370269775390625
-20.456529617309570312 -20.415180206298828125 -20.407749176025390625 -20.372829437255859375 -20.35784912109375 -20.35784912109375 -20.3239593505859375 -20.280069351196289062 -20.21537017822265625 -20.2385406494140625 -20.2385406494140625 -20.1741790771484375 -20.108509063720703125 -20.089769363403320312 -20.076570510864257812 -20.076570510864257812 -20.02465057373046875 -20.087270736694335938 -20.16761016845703125 -20.271270751953125 -20.271270751953125 -20.36891937255859375 -20.46865081787109375 -20.608280181884765625 -20.73101043701171875 -20.73101043701171875 -20.819509506225585938 -20.860630035400390625 -20.884599685668945312 -20.956470489501953125 -20.956470489501953125 -20.968219757080078125 -21.011920928955078125 -21.037549972534179688 -21.064340591430664062 -21.064340591430664062 -21.07389068603515625 -21.0604095458984375 -21.02104949951171875 -20.93376922607421875
-20.357509613037109375 -20.355989456176757812 -20.329349517822265625 -20.290119171142578125 -20.274499893188476562 -20.346080780029296875 -20.285650253295898438 -20.275440216064453125 -20.269939422607421875 -20.274730682373046875 -20.274730682373046875 -20.221269607543945312 -20.1312408447265625 -20.126699447631835938 -20.08489990234375 -20.08489990234375 -20.052900314331054688 -20.076700210571289062 -20.105360031127929688 -20.203790664672851562 -20.203790664672851562 -20.305389404296875 -20.38246917724609375 -20.467769622802734375 -20.528730392456054688 -20.528730392456054688 -20.62281036376953125 -20.719800949096679688 -20.794780731201171875 -20.9077301025390625 -20.9077301025390625 -20.968030929565429688 -21.037319183349609375 -21.0704803466796875 -21.106050491333007812 -21.106050491333007812 -21.154169082641601562 -21.158880233764648438 -21.13668060302734375 -21.101980209350585938
-20.234930038452148438 -20.222209930419921875 -20.211919784545898438 -20.18202972412109375 -20.15863037109375 -20.15863037109375 -20.186090469360351562 -20.185760498046875 -20.181549072265625 -20.195659637451171875 -20.195659637451171875 -20.103450775146484375 -20.079210281372070312 -20.091920852661132812 -20.071849822998046875 -20.071849822998046875 -20.122640609741210938 -20.152980804443359375 -20.17095947265625 -20.250970840454101562 -20.250970840454101562 -20.318849563598632812 -20.364780426025390625 -20.374530792236328125 -20.374040603637695312 -20.374040603637695312 -20.346929550170898438 -20.530179977416992188 -20.634809494018554688 -20.784650802612304688 -20.784650802612304688 -20.876050949096679688 -20.968780517578125 -21.048559188842773438 -21.125600814819335938 -21.125600814819335938 -21.166780471801757812 -21.213460922241210938 -21.252229690551757812 -21.23069000244140625
-20.229150772094726562 -20.19158935546875 -20.176059722900390625 -20.15840911865234375 -20.1169891357421875 -20.1169891357421875 -20.14405059814453125 -20.10137939453125 -20.1055908203125 -20.120479583740234375 -20.120479583740234375 -20.049459457397460938 -20.08889007568359375 -20.07585906982421875 -20.070720672607421875 -20.070720672607421875 -20.120290756225585938 -20.164300918579101562 -20.179159164428710938 -20.286159515380859375 -20.286159515380859375 -20.309469223022460938 -20.317600250244140625 -20.34893035888671875 -20.346170425415039062 -20.346170425415039062 -20.30912017822265625 -20.3057098388671875 -20.323909759521484375 -20.37483978271484375 -20.37483978271484375 -20.453929901123046875 -20.63722991943359375 -20.790620803833007812 -20.93798065185546875 -20.93798065185546875 -21.053539276123046875 -21.169969558715820312 -21.26403045654296875 -21.353809356689453125
-20.21112060546875 -20.194089889526367188 -20.15518951416015625 -20.149190902709960938 -20.094850540161132812 -20.094850540161132812 -20.084520339965820312 -20.088399887084960938 -20.08074951171875 -20.09358978271484375 -20.09358978271484375 -20.0432891845703125 -20.077709197998046875 -20.090230941772460938 -20.074920654296875 -20.074920654296875 -20.084939956665039062 -20.142259597778320312 -20.183229446411132812 -20.288970947265625 -20.288970947265625 -20.309680938720703125 -20.318559646606445312 -20.317319869995117188 -20.314210891723632812 -20.314210891723632812 -20.319339752197265625 -20.276309967041015625 -20.233819961547851562 -20.1912994384765625 -20.1912994384765625 -20.224660873413085938 -20.30027008056640625 -20.392629623413085938 -20.558370590209960938 -20.558370590209960938 -20.760570526123046875 -20.946020126342773438 -21.180929183959960938 -21.321859359741210938
-20.168460845947265625 -20.140859603881835938 -20.108919143676757812 -20.086069107055664062 -20.0811004638671875 -20.0811004638671875 -20.0769500732421875 -20.064409255981445312 -20.056850433349609375 -20.02169036865234375 -20.02169036865234375 -20.046630859375 -20.086700439453125 -20.126279830932617188 -20.146249771118164062 -20.146249771118164062 -20.173070907592773438 -20.200130462646484375 -20.263330459594726562 -20.270269393920898438 -20.270269393920898438 -20.278409957885742188 -20.323480606079101562 -20.294820785522460938 -20.311590194702148438 -20.311590194702148438 -20.316890716552734375 -20.2726898193359375 -20.183469772338867188 -20.11421966552734375 -20.11421966552734375 -20.073049545288085938 -20.104259490966796875 -20.134710311889648438 -20.221879959106445312 -20.221879959106445312 -20.346889495849609375 -20.520580291748046875 -20.774120330810546875 -21.055049896240234375
-20.158660888671875 -20.13188934326171875 -20.104000091552734375 -20.086809158325195312 -20.079919815063476562 -20.079919815063476562 -20.070909500122070312 -20.057249069213867188 -20.043390274047851562 -20.030950546264648438 -20.030950546264648438 -20.047819137573242188 -20.082569122314453125 -20.106660842895507812 -20.15509033203125 -20.15509033203125 -20.228090286254882812 -20.26548004150390625 -20.300930023193359375 -20.287700653076171875 -20.287700653076171875 -20.30236053466796875 -20.373210906982421875 -20.428880691528320312 -20.367399215698242188 -20.367399215698242188 -20.316089630126953125 -20.192129135131835938 -20.106500625610351562 -20.086210250854492188 -20.086210250854492188 -20.090240478515625 -20.082000732421875 -20.075029373168945312 -20.08209991455078125 -20.099399566650390625 -20.099399566650390625 -20.182779312133789062 -20.281269073486328125 -20.38430023193359375
-20.147289276123046875 -20.117710113525390625 -20.091550827026367188 -20.080919265747070312 -20.07762908935546875 -20.07762908935546875 -20.0692901611328125 -20.053819656372070312 -20.0386199951171875 -20.034870147705078125 -20.034870147705078125 -20.0545806884765625 -20.086259841918945312 -20.118869781494140625 -20.168230056762695312 -20.168230056762695312 -20.219829559326171875 -20.260700225830078125 -20.2827301025390625 -20.287189483642578125 -20.287189483642578125 -20.343730926513671875 -20.39102935791015625 -20.453609466552734375 -20.380170822143554688 -20.341550827026367188 -20.341550827026367188 -20.166080474853515625 -20.087009429931640625 -20.134479522705078125 -20.1529998779296875 -20.1529998779296875 -20.159929275512695312 -20.157039642333984375 -20.152940750122070312 -20.193929672241210938 -20.193929672241210938 -20.2544708251953125 -20.283359527587890625 -20.345380783081054688
-20.21591949462890625 -20.202030181884765625 -20.169179916381835938 -20.125810623168945312 -20.095220565795898438 -20.095220565795898438 -20.11370086669921875 -20.147180557250976562 -20.05503082275390625 -20.019079208374023438 -20.060459136962890625 -20.060459136962890625 -20.094409942626953125 -20.136949539184570312 -20.195329666137695312 -20.246280670166015625 -20.246280670166015625 -20.277179718017578125 -20.284149169921875 -20.302640914916992188 -20.345590591430664062 -20.345590591430664062 -20.393680572509765625 -20.41230010986328125 -20.374830245971679688 -20.294179916381835938 -20.294179916381835938 -20.170629501342773438 -20.131330490112304688 -20.157529830932617188 -20.181179046630859375 -20.181179046630859375 -20.174669265747070312 -20.183380126953125 -20.240020751953125 -20.239900588989257812 -20.239900588989257812 -20.305860519409179688 -20.323810577392578125 -20.367120742797851562
-20.232149124145507812 -20.232149124145507812 -20.197530746459960938 -20.159099578857421875 -20.172210693359375 -20.179189682006835938 -20.179189682006835938 -20.196519851684570312 -20.250759124755859375 -20.291929244995117188 -20.294290542602539062 -20.294290542602539062 -20.31381988525390625 -20.310230255126953125 -20.271490097045898438 -20.285539627075195312 -20.285539627075195312 -20.29521942138671875 -20.286029815673828125 -20.312009811401367188 -20.371229171752929688 -20.371229171752929688 -20.4213104248046875 -20.418209075927734375 -20.360630035400390625 -20.26100921630859375 -20.26100921630859375 -20.172040939331054688 -20.14160919189453125 -20.15229034423828125 -20.171850204467773438 -20.171850204467773438 -20.192659378051757812 -20.22238922119140625 -20.261020660400390625 -20.3010101318359375 -20.3010101318359375 -20.339689254760742188 -20.367170333862304688 -20.379550933837890625
-20.237810134887695312 -20.237810134887695312 -20.220670700073242188 -20.21240997314453125 -20.20439910888671875 -20.226779937744140625 -20.226779937744140625 -20.23390960693359375 -20.281110763549804688 -20.29821014404296875 -20.316659927368164062 -20.316659927368164062 -20.357580184936523438 -20.377309799194335938 -20.438159942626953125 -20.441099166870117188 -20.441099166870117188 -20.481189727783203125 -20.488189697265625 -20.464969635009765625 -20.455900192260742188 -20.455900192260742188 -20.428350448608398438 -20.456859588623046875 -20.382429122924804688 -20.244829177856445312 -20.244829177856445312 -20.15113067626953125 -20.151050567626953125 -20.166439056396484375 -20.181299209594726562 -20.181299209594726562 -20.201639175415039062 -20.234790802001953125 -20.274679183959960938 -20.314989089965820312 -20.314989089965820312 -20.349689483642578125 -20.371450424194335938 -20.38031005859375
-20.209020614624023438 -20.209020614624023438 -20.225490570068359375 -20.284280776977539062 -20.2173004150390625 -20.274829864501953125 -20.274829864501953125 -20.30442047119140625 -20.301500320434570312 -20.336040496826171875 -20.33599090576171875 -20.33599090576171875 -20.36479949951171875 -20.4030609130859375 -20.47982025146484375 -20.48883056640625 -20.48883056640625 -20.481489181518554688 -20.478830337524414062 -20.475830078125 -20.454149246215820312 -20.454149246215820312 -20.424409866333007812 -20.4481201171875 -20.497579574584960938 -20.521270751953125 -20.521270751953125 -20.560459136962890625 -20.559520721435546875 -20.174409866333007812 -20.18827056884765625 -20.18827056884765625 -20.210760116577148438 -20.258230209350585938 -20.29589080810546875 -20.334169387817382812 -20.334169387817382812 -20.370059967041015625 -20.3841094970703125 -20.38462066650390625
