offshore_seismic_edit/resources/bathy_clip_bergen0111a.asc
ncols        383
nrows        423
xllcorner    4.224920695000
yllcorner    52.462253328000
cellsize     0.000295146324
NODATA_value  -9999
[rows 187 to 203 of 423, columns 320 to 359 of 383]
-19.023080825805664062 -19.008899688720703125 -19.008899688720703125 -18.970819473266601562 -18.931659698486328125 -18.906560897827148438 -18.894350051879882812 -18.894350051879882812 -18.881940841674804688 -18.813859939575195312 -18.811519622802734375 -18.791940689086914062 -18.791940689086914062 -18.868120193481445312 -18.904499053955078125 -18.807180404663085938 -18.750070571899414062 -18.750070571899414062 -18.825349807739257812 -18.978519439697265625 -18.95915985107421875 -18.844179153442382812 -18.844179153442382812 -18.79264068603515625 -18.97219085693359375 -19.061910629272460938 -19.027599334716796875 -19.027599334716796875 -19.025579452514648438 -18.99607086181640625 -18.964879989624023438 -19.061899185180664062 -19.061899185180664062 -19.123500823974609375 -19.166330337524414062 -19.161869049072265625 -19.192350387573242188 -19.192350387573242188 -19.312360763549804688 -19.472759246826171875
-19.0144195556640625 -18.98516082763671875 -18.98516082763671875 -18.9424896240234375 -18.887929916381835938 -18.893739700317382812 -18.86309051513671875 -18.86309051513671875 -18.808530807495117188 -18.774570465087890625 -18.815870285034179688 -18.831060409545898438 -18.831060409545898438 -18.936740875244140625 -18.78292083740234375 -18.755929946899414062 -18.751909255981445312 -18.751909255981445312 -18.792360305786132812 -18.828039169311523438 -19.038890838623046875 -18.910869598388671875 -18.910869598388671875 -18.800380706787109375 -18.953090667724609375 -19.010469436645507812 -18.9867401123046875 -18.9867401123046875 -18.878240585327148438 -18.951879501342773438 -18.944150924682617188 -19.110319137573242188 -19.110319137573242188 -19.09452056884765625 -19.25045013427734375 -19.175119400024414062 -19.184949874877929688 -19.184949874877929688 -19.325239181518554688 -19.527780532836914062
-18.949869155883789062 -18.955499649047851562 -18.955499649047851562 -18.917449951171875 -18.863069534301757812 -18.85218048095703125 -18.867069244384765625 -18.867069244384765625 -18.835130691528320312 -18.838159561157226562 -18.796659469604492188 -18.720729827880859375 -18.720729827880859375 -18.874219894409179688 -18.857959747314453125 -18.863519668579101562 -18.752489089965820312 -18.752489089965820312 -18.75177001953125 -18.691370010375976562 -18.748769760131835938 -18.852159500122070312 -18.852159500122070312 -18.941030502319335938 -19.079820632934570312 -19.13098907470703125 -18.977300643920898438 -18.977300643920898438 -18.881320953369140625 -18.972629547119140625 -19.124120712280273438 -19.109560012817382812 -19.109560012817382812 -19.235500335693359375 -19.129720687866210938 -19.02783966064453125 -19.161050796508789062 -19.161050796508789062 -19.310489654541015625 -19.599369049072265625
-18.94696044921875 -18.933050155639648438 -18.933050155639648438 -18.884889602661132812 -18.874240875244140625 -18.851289749145507812 -18.8139495849609375 -18.8139495849609375 -18.815280914306640625 -18.767690658569335938 -18.727769851684570312 -18.688129425048828125 -18.688129425048828125 -18.762170791625976562 -18.764400482177734375 -18.87107086181640625 -18.831760406494140625 -18.831760406494140625 -18.786939620971679688 -18.719530105590820312 -18.845350265502929688 -18.870540618896484375 -18.870540618896484375 -18.834970474243164062 -19.00019073486328125 -19.031000137329101562 -19.127119064331054688 -19.127119064331054688 -19.021249771118164062 -19.152179718017578125 -19.166479110717773438 -19.160249710083007812 -19.160249710083007812 -19.150310516357421875 -19.336139678955078125 -19.26576995849609375 -19.3257598876953125 -19.3257598876953125 -19.398029327392578125 -19.568250656127929688
-18.989110946655273438 -18.938589096069335938 -18.938589096069335938 -18.927900314331054688 -18.918649673461914062 -18.89199066162109375 -18.813989639282226562 -18.813989639282226562 -18.798570632934570312 -18.840379714965820312 -18.703769683837890625 -18.682939529418945312 -18.682939529418945312 -18.690950393676757812 -18.689090728759765625 -18.679630279541015625 -18.742399215698242188 -18.742399215698242188 -18.706340789794921875 -18.778600692749023438 -18.820409774780273438 -18.759120941162109375 -18.759120941162109375 -18.799669265747070312 -18.908369064331054688 -18.874050140380859375 -19.075510025024414062 -19.075510025024414062 -19.066690444946289062 -19.198110580444335938 -19.095699310302734375 -19.0911102294921875 -19.0911102294921875 -19.263509750366210938 -19.201700210571289062 -19.379199981689453125 -19.387300491333007812 -19.387300491333007812 -19.4684906005859375 -19.486009597778320312
-18.924480438232421875 -18.890840530395507812 -18.890840530395507812 -18.843839645385742188 -18.875629425048828125 -18.823879241943359375 -18.778219223022460938 -18.778219223022460938 -18.80966949462890625 -18.756650924682617188 -18.777690887451171875 -18.81764984130859375 -18.81764984130859375 -18.675029754638671875 -18.653120040893554688 -18.665460586547851562 -18.670360565185546875 -18.670360565185546875 -18.666049957275390625 -18.659320831298828125 -18.659479141235351562 -18.759859085083007812 -18.759859085083007812 -18.7991790771484375 -18.699590682983398438 -18.681240081787109375 -18.754650115966796875 -18.754650115966796875 -18.870080947875976562 -18.89369964599609375 -19.032190322875976562 -19.103189468383789062 -19.103189468383789062 -19.101259231567382812 -19.259580612182617188 -19.3481292724609375 -19.463499069213867188 -19.463499069213867188 -19.688129425048828125 -19.495119094848632812
-18.923799514770507812 -18.900789260864257812 -18.900789260864257812 -18.880519866943359375 -18.854379653930664062 -18.832139968872070312 -18.814100265502929688 -18.814100265502929688 -18.784139633178710938 -18.749980926513671875 -18.729299545288085938 -18.715490341186523438 -18.715490341186523438 -18.745439529418945312 -18.64962005615234375 -18.652679443359375 -18.669900894165039062 -18.68199920654296875 -18.68199920654296875 -18.676549911499023438 -18.668409347534179688 -18.715099334716796875 -18.694269180297851562 -18.694269180297851562 -18.838750839233398438 -18.715030670166015625 -18.768770217895507812 -18.804019927978515625 -18.804019927978515625 -18.860540390014648438 -18.93827056884765625 -19.076890945434570312 -19.10675048828125 -19.10675048828125 -19.201570510864257812 -19.370769500732421875 -19.435850143432617188 -19.463850021362304688 -19.463850021362304688 -19.505809783935546875
-18.912740707397460938 -18.896539688110351562 -18.874530792236328125 -18.874530792236328125 -18.84893035888671875 -18.82682037353515625 -18.812990188598632812 -18.789520263671875 -18.789520263671875 -18.760099411010742188 -18.732240676879882812 -18.714689254760742188 -18.697200775146484375 -18.697200775146484375 -18.684429168701171875 -18.695569992065429688 -18.712179183959960938 -18.730800628662109375 -18.730800628662109375 -18.746929168701171875 -18.73397064208984375 -18.76464080810546875 -18.644609451293945312 -18.644609451293945312 -18.687030792236328125 -18.709730148315429688 -18.77664947509765625 -18.840240478515625 -18.840240478515625 -18.828189849853515625 -18.894350051879882812 -18.986169815063476562 -19.0746002197265625 -19.0746002197265625 -19.20886993408203125 -19.2662506103515625 -19.341470718383789062 -19.450229644775390625 -19.450229644775390625 -19.538970947265625
-18.90019989013671875 -18.909130096435546875 -18.877660751342773438 -18.877660751342773438 -18.838499069213867188 -18.810749053955078125 -18.813390731811523438 -18.775529861450195312 -18.775529861450195312 -18.752019882202148438 -18.726629257202148438 -18.716310501098632812 -18.70446014404296875 -18.70446014404296875 -18.70507049560546875 -18.7191009521484375 -18.726419448852539062 -18.734880447387695312 -18.734880447387695312 -18.737079620361328125 -18.737749099731445312 -18.742990493774414062 -18.759149551391601562 -18.759149551391601562 -18.794910430908203125 -18.84149932861328125 -18.8953094482421875 -18.944049835205078125 -18.944049835205078125 -18.99221038818359375 -19.08245086669921875 -18.939800262451171875 -18.957279205322265625 -18.957279205322265625 -19.18444061279296875 -19.331859588623046875 -19.292470932006835938 -19.375379562377929688 -19.375379562377929688 -19.489870071411132812
-18.907690048217773438 -18.893039703369140625 -18.894010543823242188 -18.894010543823242188 -18.83007049560546875 -18.8180694580078125 -18.817689895629882812 -18.82080078125 -18.82080078125 -18.741769790649414062 -18.72219085693359375 -18.715890884399414062 -18.686410903930664062 -18.686410903930664062 -18.679750442504882812 -18.72306060791015625 -18.721160888671875 -18.741779327392578125 -18.741779327392578125 -18.73603057861328125 -18.7384796142578125 -18.746429443359375 -18.763759613037109375 -18.763759613037109375 -18.804449081420898438 -18.847919464111328125 -18.897409439086914062 -18.935129165649414062 -18.935129165649414062 -18.9696807861328125 -19.029989242553710938 -19.127719879150390625 -19.220109939575195312 -19.220109939575195312 -19.269380569458007812 -19.305559158325195312 -19.347600936889648438 -19.354290008544921875 -19.354290008544921875 -19.32617950439453125
-18.933300018310546875 -18.908260345458984375 -18.8110809326171875 -18.8110809326171875 -18.771070480346679688 -18.779100418090820312 -18.768070220947265625 -18.770399093627929688 -18.770399093627929688 -18.738040924072265625 -18.7235107421875 -18.702600479125976562 -18.708469390869140625 -18.708469390869140625 -18.762950897216796875 -18.736249923706054688 -18.715850830078125 -18.751970291137695312 -18.751970291137695312 -18.732530593872070312 -18.741659164428710938 -18.739290237426757812 -18.7508392333984375 -18.7508392333984375 -18.817829132080078125 -18.847249984741210938 -18.905870437622070312 -18.937580108642578125 -18.937580108642578125 -18.964130401611328125 -19.021259307861328125 -19.120250701904296875 -19.203939437866210938 -19.203939437866210938 -19.24456024169921875 -19.291599273681640625 -19.338430404663085938 -19.341680526733398438 -19.341680526733398438 -19.332780838012695312
-18.96595001220703125 -18.932880401611328125 -18.912260055541992188 -18.912260055541992188 -18.906850814819335938 -18.886379241943359375 -18.8422698974609375 -18.835409164428710938 -18.835409164428710938 -18.861520767211914062 -18.805620193481445312 -18.797649383544921875 -18.780450820922851562 -18.780450820922851562 -18.772069931030273438 -18.786510467529296875 -18.731000900268554688 -18.719839096069335938 -18.719839096069335938 -18.7137908935546875 -18.712640762329101562 -18.780279159545898438 -18.804349899291992188 -18.79734039306640625 -18.819080352783203125 -18.870769500732421875 -18.905500411987304688 -18.953100204467773438 -18.953100204467773438 -18.965290069580078125 -19.068880081176757812 -19.213869094848632812 -19.253709793090820312 -19.253709793090820312 -19.225250244140625 -19.284299850463867188 -19.360700607299804688 -19.329010009765625 -19.329010009765625 -19.324329376220703125
-19.003309249877929688 -18.970470428466796875 -18.931140899658203125 -18.931140899658203125 -18.927000045776367188 -18.897869110107421875 -18.8894195556640625 -18.870569229125976562 -18.870569229125976562 -18.858350753784179688 -18.880329132080078125 -18.895250320434570312 -18.837080001831054688 -18.837080001831054688 -18.820180892944335938 -18.803499221801757812 -18.7963409423828125 -18.786249160766601562 -18.786249160766601562 -18.764619827270507812 -18.753160476684570312 -18.779760360717773438 -18.743349075317382812 -18.743349075317382812 -18.762969970703125 -18.77069091796875 -18.82234954833984375 -18.799549102783203125 -18.799549102783203125 -18.85897064208984375 -18.832250595092773438 -18.87100982666015625 -18.913440704345703125 -18.913440704345703125 -18.991659164428710938 -19.142330169677734375 -19.245550155639648438 -19.293870925903320312 -19.293870925903320312 -19.371610641479492188
-19.04000091552734375 -19.009359359741210938 -18.958089828491210938 -18.958089828491210938 -18.960399627685546875 -18.928449630737304688 -18.93791961669921875 -18.90763092041015625 -18.90763092041015625 -18.935560226440429688 -18.883869171142578125 -18.878370285034179688 -18.8452301025390625 -18.8452301025390625 -18.849500656127929688 -18.875440597534179688 -18.84394073486328125 -18.83776092529296875 -18.83776092529296875 -18.8333892822265625 -18.799100875854492188 -18.80670928955078125 -18.829240798950195312 -18.829240798950195312 -18.809049606323242188 -18.842199325561523438 -18.82270050048828125 -18.825849533081054688 -18.825849533081054688 -18.796070098876953125 -18.761270523071289062 -18.769229888916015625 -18.7780609130859375 -18.7780609130859375 -18.802579879760742188 -18.859960556030273438 -19.052370071411132812 -19.139879226684570312 -19.139879226684570312 -19.2520599365234375
-19.09197998046875 -19.036489486694335938 -19.009830474853515625 -19.009830474853515625 -19.003309249877929688 -18.99629974365234375 -18.97541046142578125 -18.974500656127929688 -18.974500656127929688 -18.979509353637695312 -18.938280105590820312 -18.931699752807617188 -18.904239654541015625 -18.904239654541015625 -18.884080886840820312 -18.879640579223632812 -18.863969802856445312 -18.865169525146484375 -18.865169525146484375 -18.820440292358398438 -18.83155059814453125 -18.8115692138671875 -18.822710037231445312 -18.852159500122070312 -18.852159500122070312 -18.869100570678710938 -18.86302947998046875 -18.77252960205078125 -18.79521942138671875 -18.79521942138671875 -18.7667999267578125 -18.767370223999023438 -18.781900405883789062 -18.775970458984375 -18.775970458984375 -18.797300338745117188 -18.857530593872070312 -18.9766693115234375 -19.01519012451171875 -19.01519012451171875
-19.128040313720703125 -19.09188079833984375 -19.073810577392578125 -19.050710678100585938 -19.050710678100585938 -19.010829925537109375 -18.984340667724609375 -18.987989425659179688 -18.957050323486328125 -18.957050323486328125 -18.96559906005859375 -18.956939697265625 -18.959539413452148438 -18.930700302124023438 -18.930700302124023438 -18.903959274291992188 -18.877519607543945312 -18.8734893798828125 -18.867509841918945312 -18.867509841918945312 -18.849790573120117188 -18.821790695190429688 -18.816999435424804688 -18.813350677490234375 -18.813350677490234375 -18.814069747924804688 -18.788909912109375 -18.768299102783203125 -18.803699493408203125 -18.803699493408203125 -18.790500640869140625 -18.838550567626953125 -18.819959640502929688 -18.773080825805664062 -18.773080825805664062 -18.771989822387695312 -18.74716949462890625 -18.753019332885742188 -18.844900131225585938 -18.844900131225585938
-19.179529190063476562 -19.164670944213867188 -19.10475921630859375 -19.0833892822265625 -19.0833892822265625 -19.068639755249023438 -19.036329269409179688 -18.990339279174804688 -19.007890701293945312 -19.007890701293945312 -19.016099929809570312 -18.969860076904296875 -18.987859725952148438 -18.959199905395507812 -18.959199905395507812 -18.916849136352539062 -18.94824981689453125 -18.905939102172851562 -18.893199920654296875 -18.893199920654296875 -18.868249893188476562 -18.864009857177734375 -18.832439422607421875 -18.817949295043945312 -18.817949295043945312 -18.8077392578125 -18.793949127197265625 -18.773180007934570312 -18.736200332641601562 -18.736200332641601562 -18.764020919799804688 -18.777620315551757812 -18.820760726928710938 -18.79833984375 -18.79833984375 -18.768810272216796875 -18.76052093505859375 -18.7503204345703125 -18.784160614013671875 -18.784160614013671875
